0 0.5126953125 0.1005859375 0.029296875 0.021484375
0 0.630859375 0.02734375 0.015625 0.015625
0 0.7421875 0.0947265625 0.015625 0.017578125
0 0.9267578125 0.220703125 0.021484375 0.03125
0 0.8935546875 0.248046875 0.017578125 0.0234375
0 0.8193359375 0.2392578125 0.021484375 0.021484375
0 0.84375 0.294921875 0.03515625 0.02734375
0 0.900390625 0.3330078125 0.03125 0.013671875
0 0.80859375 0.37109375 0.02734375 0.02734375
0 0.8837890625 0.423828125 0.025390625 0.03515625
0 0.93359375 0.517578125 0.02734375 0.02734375
0 0.8974609375 0.5556640625 0.025390625 0.021484375
0 0.841796875 0.5810546875 0.03125 0.017578125
0 0.796875 0.5517578125 0.03125 0.021484375
0 0.826171875 0.4306640625 0.02734375 0.021484375
0 0.7646484375 0.67578125 0.041015625 0.03125
0 0.6826171875 0.5068359375 0.037109375 0.033203125
0 0.7431640625 0.3994140625 0.021484375 0.021484375
0 0.7216796875 0.2587890625 0.021484375 0.025390625
0 0.623046875 0.203125 0.0390625 0.03125
0 0.6552734375 0.333984375 0.029296875 0.02734375
0 0.55859375 0.26171875 0.02734375 0.03125
0 0.5029296875 0.1865234375 0.021484375 0.029296875
0 0.3955078125 0.2060546875 0.021484375 0.021484375
0 0.328125 0.248046875 0.0234375 0.0234375
0 0.4091796875 0.3818359375 0.025390625 0.025390625
0 0.5322265625 0.33984375 0.025390625 0.02734375
0 0.578125 0.544921875 0.03125 0.02734375
0 0.455078125 0.58203125 0.03515625 0.03125
0 0.9951171875 0.572265625 0.009765625 0.01953125
