0 0.25390625 0.048828125 0.02734375 0.03515625
0 0.390625 0.201171875 0.03125 0.03515625
0 0.33984375 0.265625 0.03515625 0.03125
0 0.2255859375 0.2216796875 0.041015625 0.048828125
0 0.111328125 0.171875 0.03515625 0.03125
0 0.10546875 0.28515625 0.03125 0.02734375
0 0.189453125 0.30859375 0.0234375 0.02734375
0 0.3330078125 0.32421875 0.021484375 0.03125
0 0.4013671875 0.388671875 0.017578125 0.02734375
0 0.296875 0.3642578125 0.0234375 0.021484375
0 0.349609375 0.466796875 0.03125 0.0390625
0 0.412109375 0.630859375 0.03125 0.03125
0 0.2587890625 0.7275390625 0.037109375 0.037109375
0 0.33203125 0.8037109375 0.03125 0.025390625
0 0.25390625 0.904296875 0.03515625 0.03125
0 0.142578125 0.8212890625 0.03515625 0.017578125
0 0.048828125 0.8037109375 0.03515625 0.017578125
0 0.1826171875 0.55859375 0.044921875 0.03515625
0 0.2626953125 0.5048828125 0.044921875 0.052734375
0 0.154296875 0.419921875 0.03125 0.03515625
0 0.10546875 0.484375 0.03125 0.03125
