0 0.3525390625 0.216796875 0.037109375 0.03125
0 0.6513671875 0.06640625 0.044921875 0.03515625
0 0.857421875 0.171875 0.03515625 0.0234375
0 0.888671875 0.3349609375 0.03515625 0.025390625
0 0.9130859375 0.4912109375 0.041015625 0.025390625
0 0.7724609375 0.28125 0.044921875 0.03515625
0 0.638671875 0.3232421875 0.03515625 0.021484375
0 0.6748046875 0.609375 0.044921875 0.03125
0 0.5693359375 0.5830078125 0.041015625 0.041015625
0 0.4794921875 0.318359375 0.041015625 0.03125
0 0.390625 0.4912109375 0.05859375 0.037109375
0 0.5224609375 0.685546875 0.037109375 0.0234375
0 0.3056640625 0.69140625 0.048828125 0.03515625
0 0.0732421875 0.6875 0.041015625 0.02734375
0 0.06640625 0.849609375 0.03515625 0.03125
