0 0.0400390625 0.0673828125 0.044921875 0.044921875
0 0.369140625 0.080078125 0.03125 0.0546875
0 0.482421875 0.03125 0.0546875 0.03515625
0 0.56640625 0.017578125 0.02734375 0.02734375
0 0.7724609375 0.015625 0.025390625 0.0234375
0 0.607421875 0.05859375 0.03515625 0.02734375
0 0.650390625 0.09765625 0.03125 0.03515625
0 0.78125 0.169921875 0.03515625 0.02734375
0 0.8349609375 0.2294921875 0.037109375 0.048828125
0 0.2763671875 0.3798828125 0.052734375 0.044921875
0 0.689453125 0.1943359375 0.03125 0.041015625
0 0.7412109375 0.275390625 0.044921875 0.03125
0 0.8876953125 0.34375 0.044921875 0.03515625
0 0.783203125 0.5625 0.0390625 0.03515625
0 0.341796875 0.841796875 0.05859375 0.0390625
0 0.51171875 0.90625 0.05859375 0.04296875
0 0.189453125 0.890625 0.046875 0.0390625
