0 0.818359375 0.1025390625 0.03125 0.044921875
0 0.779296875 0.267578125 0.0234375 0.03515625
0 0.796875 0.3857421875 0.0234375 0.048828125
0 0.90625 0.6025390625 0.02734375 0.072265625
0 0.47265625 0.4443359375 0.02734375 0.048828125
0 0.373046875 0.0576171875 0.0234375 0.029296875
0 0.58984375 0.6298828125 0.02734375 0.052734375
0 0.580078125 0.7080078125 0.02734375 0.048828125
0 0.6005859375 0.7685546875 0.021484375 0.044921875
0 0.462890625 0.7568359375 0.03125 0.041015625
0 0.30859375 0.8837890625 0.03515625 0.052734375
