0 0.376953125 0.3955078125 0.03125 0.041015625
0 0.1904296875 0.515625 0.013671875 0.0234375
0 0.04296875 0.4365234375 0.01953125 0.021484375
0 0.1591796875 0.380859375 0.013671875 0.015625
0 0.171875 0.31640625 0.01171875 0.01953125
0 0.2119140625 0.302734375 0.013671875 0.01953125
0 0.2919921875 0.2626953125 0.013671875 0.017578125
0 0.3876953125 0.16015625 0.017578125 0.01953125
0 0.3134765625 0.140625 0.013671875 0.015625
0 0.390625 0.01171875 0.01171875 0.01953125
0 0.486328125 0.1845703125 0.015625 0.021484375
0 0.6669921875 0.2314453125 0.021484375 0.025390625
