0 0.341796875 0.0517578125 0.0390625 0.021484375
0 0.3251953125 0.2470703125 0.029296875 0.033203125
0 0.458984375 0.3984375 0.02734375 0.0234375
0 0.5859375 0.794921875 0.03515625 0.02734375
0 0.71484375 0.783203125 0.05078125 0.0234375
0 0.29296875 0.41015625 0.03125 0.01953125
0 0.193359375 0.248046875 0.03125 0.0234375
0 0.171875 0.181640625 0.01953125 0.015625
0 0.037109375 0.119140625 0.015625 0.01953125
0 0.1591796875 0.392578125 0.033203125 0.01953125
0 0.185546875 0.1259765625 0.0234375 0.017578125
