0 0.609375 0.037109375 0.01953125 0.01953125
0 0.54296875 0.1318359375 0.015625 0.017578125
0 0.599609375 0.173828125 0.015625 0.01953125
0 0.6875 0.1328125 0.01953125 0.015625
0 0.7734375 0.0673828125 0.01953125 0.013671875
0 0.8720703125 0.0830078125 0.017578125 0.013671875
0 0.8349609375 0.1240234375 0.017578125 0.013671875
0 0.7607421875 0.1923828125 0.021484375 0.017578125
0 0.8955078125 0.1787109375 0.013671875 0.017578125
0 0.52734375 0.2607421875 0.015625 0.013671875
0 0.669921875 0.2080078125 0.015625 0.013671875
0 0.5810546875 0.3193359375 0.017578125 0.021484375
0 0.765625 0.2978515625 0.015625 0.017578125
0 0.8251953125 0.2490234375 0.017578125 0.017578125
0 0.9091796875 0.3466796875 0.017578125 0.013671875
0 0.9580078125 0.328125 0.021484375 0.0234375
0 0.767578125 0.4189453125 0.01953125 0.017578125
0 0.8349609375 0.4658203125 0.009765625 0.013671875
