0 0.517578125 0.0439453125 0.02734375 0.017578125
0 0.5859375 0.0703125 0.03125 0.01953125
0 0.7041015625 0.138671875 0.017578125 0.015625
0 0.4072265625 0.0537109375 0.025390625 0.025390625
0 0.2548828125 0.1318359375 0.029296875 0.021484375
0 0.345703125 0.134765625 0.03125 0.01953125
0 0.484375 0.154296875 0.0234375 0.0234375
0 0.572265625 0.1669921875 0.0234375 0.013671875
0 0.478515625 0.22265625 0.01953125 0.015625
0 0.501953125 0.2685546875 0.03125 0.017578125
0 0.43359375 0.365234375 0.0234375 0.01953125
0 0.40625 0.2939453125 0.02734375 0.017578125
0 0.3212890625 0.2451171875 0.025390625 0.017578125
0 0.22265625 0.24609375 0.02734375 0.02734375
0 0.11328125 0.255859375 0.0234375 0.015625
0 0.0576171875 0.291015625 0.029296875 0.015625
0 0.0830078125 0.3974609375 0.025390625 0.017578125
0 0.126953125 0.4892578125 0.0234375 0.021484375
0 0.2392578125 0.453125 0.021484375 0.0234375
0 0.291015625 0.392578125 0.02734375 0.01953125
0 0.3076171875 0.4931640625 0.029296875 0.017578125
0 0.2255859375 0.5654296875 0.041015625 0.021484375
0 0.23828125 0.669921875 0.03125 0.02734375
0 0.1357421875 0.58984375 0.021484375 0.02734375
