0 0.4150390625 0.0634765625 0.025390625 0.025390625
0 0.5341796875 0.064453125 0.025390625 0.02734375
0 0.576171875 0.107421875 0.02734375 0.02734375
0 0.6337890625 0.158203125 0.037109375 0.03125
0 0.6953125 0.21875 0.02734375 0.02734375
0 0.744140625 0.251953125 0.03125 0.0234375
0 0.81640625 0.279296875 0.03515625 0.0234375
0 0.7763671875 0.322265625 0.029296875 0.02734375
0 0.8251953125 0.359375 0.025390625 0.03125
0 0.7333984375 0.2880859375 0.037109375 0.021484375
0 0.607421875 0.251953125 0.02734375 0.0234375
0 0.5625 0.2099609375 0.03515625 0.025390625
0 0.890625 0.31640625 0.01953125 0.01953125
