0 0.4423828125 0.7685546875 0.017578125 0.017578125
0 0.5380859375 0.8076171875 0.013671875 0.017578125
0 0.6279296875 0.8310546875 0.013671875 0.017578125
0 0.671875 0.845703125 0.0234375 0.0234375
0 0.716796875 0.8720703125 0.0234375 0.013671875
0 0.814453125 0.8974609375 0.0234375 0.017578125
0 0.8564453125 0.921875 0.017578125 0.0234375
0 0.845703125 0.970703125 0.0234375 0.0234375
0 0.654296875 0.9150390625 0.0234375 0.017578125
0 0.53125 0.8857421875 0.01953125 0.021484375
0 0.484375 0.873046875 0.0234375 0.0234375
0 0.43359375 0.8564453125 0.02734375 0.017578125
0 0.3837890625 0.84375 0.025390625 0.01953125
0 0.337890625 0.828125 0.03125 0.01171875
