0 0.0390625 0.15625 0.02734375 0.02734375
0 0.091796875 0.1455078125 0.03125 0.021484375
0 0.1474609375 0.1318359375 0.025390625 0.021484375
0 0.1953125 0.1240234375 0.03515625 0.021484375
0 0.251953125 0.1162109375 0.03125 0.017578125
0 0.3037109375 0.1025390625 0.037109375 0.017578125
0 0.359375 0.0986328125 0.0234375 0.017578125
0 0.408203125 0.1025390625 0.03125 0.017578125
0 0.462890625 0.1064453125 0.03125 0.017578125
0 0.736328125 0.1650390625 0.02734375 0.017578125
0 0.798828125 0.171875 0.02734375 0.0234375
0 0.861328125 0.158203125 0.02734375 0.0234375
0 0.861328125 0.201171875 0.03515625 0.02734375
0 0.9287109375 0.2412109375 0.025390625 0.025390625
0 0.9326171875 0.314453125 0.017578125 0.0234375
0 0.90234375 0.2998046875 0.02734375 0.017578125
0 0.841796875 0.279296875 0.03125 0.0234375
0 0.8056640625 0.265625 0.021484375 0.0234375
0 0.7705078125 0.2548828125 0.021484375 0.017578125
0 0.7412109375 0.2431640625 0.017578125 0.021484375
0 0.7099609375 0.2314453125 0.025390625 0.017578125
0 0.673828125 0.2236328125 0.02734375 0.017578125
0 0.6474609375 0.2119140625 0.017578125 0.013671875
0 0.609375 0.1982421875 0.0234375 0.013671875
0 0.578125 0.1943359375 0.0234375 0.021484375
0 0.5087890625 0.1875 0.025390625 0.01953125
0 0.4462890625 0.1787109375 0.025390625 0.017578125
0 0.5712890625 0.1201171875 0.029296875 0.017578125
