0 0.1943359375 0.74609375 0.041015625 0.03515625
0 0.095703125 0.8173828125 0.03125 0.025390625
0 0.13671875 0.828125 0.03125 0.0234375
0 0.1806640625 0.8447265625 0.033203125 0.025390625
0 0.2158203125 0.859375 0.029296875 0.0234375
0 0.34765625 0.8955078125 0.03515625 0.021484375
0 0.388671875 0.9111328125 0.02734375 0.017578125
0 0.435546875 0.9267578125 0.03125 0.021484375
0 0.47265625 0.9462890625 0.02734375 0.017578125
0 0.564453125 0.9326171875 0.0234375 0.017578125
0 0.1611328125 0.9462890625 0.037109375 0.037109375
0 0.1005859375 0.919921875 0.041015625 0.02734375
