0 0.080078125 0.09765625 0.02734375 0.03515625
0 0.173828125 0.1455078125 0.02734375 0.021484375
0 0.1162109375 0.1787109375 0.025390625 0.037109375
0 0.1357421875 0.2705078125 0.021484375 0.041015625
0 0.1943359375 0.220703125 0.021484375 0.0234375
0 0.22265625 0.310546875 0.02734375 0.0390625
0 0.150390625 0.349609375 0.03125 0.03125
0 0.1630859375 0.4482421875 0.021484375 0.041015625
0 0.2744140625 0.4892578125 0.013671875 0.021484375
0 0.1875 0.546875 0.03515625 0.0390625
0 0.216796875 0.626953125 0.03125 0.0390625
0 0.330078125 0.6494140625 0.02734375 0.021484375
0 0.373046875 0.7412109375 0.0234375 0.025390625
0 0.3232421875 0.900390625 0.021484375 0.03125
