0 0.7412109375 0.47265625 0.017578125 0.02734375
0 0.7216796875 0.5185546875 0.013671875 0.017578125
0 0.7099609375 0.5244140625 0.009765625 0.021484375
0 0.6923828125 0.533203125 0.017578125 0.0234375
0 0.6650390625 0.501953125 0.017578125 0.0234375
0 0.5693359375 0.5380859375 0.013671875 0.021484375
0 0.5830078125 0.546875 0.013671875 0.0234375
0 0.59375 0.546875 0.0078125 0.0234375
0 0.638671875 0.5537109375 0.0078125 0.017578125
0 0.6533203125 0.5380859375 0.013671875 0.013671875
0 0.6533203125 0.5576171875 0.013671875 0.017578125
0 0.751953125 0.43359375 0.0234375 0.02734375
0 0.701171875 0.4755859375 0.01953125 0.025390625
0 0.6123046875 0.5087890625 0.017578125 0.025390625
0 0.6298828125 0.50390625 0.017578125 0.02734375
0 0.6494140625 0.5068359375 0.013671875 0.021484375
0 0.5791015625 0.490234375 0.025390625 0.0234375
0 0.5869140625 0.4990234375 0.021484375 0.021484375
