0 0.5869140625 0.2412109375 0.021484375 0.044921875
0 0.8974609375 0.185546875 0.044921875 0.1015625
0 0.8642578125 0.359375 0.021484375 0.03125
0 0.69921875 0.4150390625 0.05859375 0.052734375
0 0.765625 0.4775390625 0.0390625 0.044921875
0 0.8525390625 0.578125 0.044921875 0.0390625
0 0.93359375 0.529296875 0.02734375 0.0234375
0 0.9306640625 0.685546875 0.041015625 0.03125
0 0.984375 0.80859375 0.0234375 0.03515625
0 0.9375 0.921875 0.0546875 0.0390625
0 0.8330078125 0.9287109375 0.048828125 0.044921875
0 0.826171875 0.81640625 0.0625 0.0625
0 0.7392578125 0.796875 0.041015625 0.0390625
0 0.7138671875 0.8955078125 0.052734375 0.041015625
0 0.6650390625 0.6962890625 0.025390625 0.052734375
0 0.720703125 0.6201171875 0.0390625 0.044921875
0 0.6455078125 0.59375 0.021484375 0.03515625
