0 0.376953125 0.029296875 0.03125 0.0234375
0 0.359375 0.095703125 0.03125 0.03125
0 0.5625 0.0556640625 0.03515625 0.041015625
0 0.671875 0.02734375 0.0390625 0.03515625
0 0.78515625 0.154296875 0.02734375 0.0390625
0 0.8779296875 0.125 0.048828125 0.0546875
0 0.84765625 0.2431640625 0.02734375 0.056640625
0 0.9267578125 0.3466796875 0.041015625 0.048828125
0 0.96875 0.48046875 0.02734375 0.06640625
0 0.921875 0.63671875 0.03125 0.05859375
0 0.859375 0.517578125 0.03125 0.03515625
0 0.845703125 0.4189453125 0.0234375 0.044921875
0 0.7578125 0.357421875 0.03515625 0.0546875
0 0.73828125 0.2529296875 0.03125 0.048828125
0 0.6591796875 0.185546875 0.048828125 0.0390625
0 0.560546875 0.201171875 0.0390625 0.02734375
0 0.4912109375 0.21484375 0.025390625 0.02734375
0 0.529296875 0.3642578125 0.03125 0.041015625
0 0.5712890625 0.2900390625 0.044921875 0.037109375
0 0.5849609375 0.3603515625 0.025390625 0.029296875
0 0.6630859375 0.275390625 0.041015625 0.03125
0 0.673828125 0.33984375 0.02734375 0.02734375
0 0.515625 0.2685546875 0.0234375 0.017578125
0 0.681640625 0.4443359375 0.03125 0.048828125
0 0.75390625 0.4501953125 0.03515625 0.044921875
0 0.771484375 0.517578125 0.0234375 0.03515625
