0 0.4931640625 0.2705078125 0.021484375 0.021484375
0 0.5390625 0.33203125 0.0234375 0.015625
0 0.5 0.3564453125 0.02734375 0.017578125
0 0.5400390625 0.408203125 0.037109375 0.0234375
0 0.625 0.3974609375 0.02734375 0.025390625
0 0.603515625 0.439453125 0.02734375 0.0234375
0 0.533203125 0.45703125 0.03125 0.03125
0 0.4599609375 0.4814453125 0.025390625 0.017578125
0 0.4892578125 0.515625 0.021484375 0.0234375
0 0.51953125 0.5556640625 0.03125 0.021484375
0 0.6328125 0.544921875 0.03515625 0.02734375
0 0.650390625 0.59375 0.02734375 0.01953125
