0 0.1484375 0.1650390625 0.015625 0.021484375
0 0.2275390625 0.283203125 0.025390625 0.0234375
0 0.263671875 0.3125 0.02734375 0.03515625
0 0.291015625 0.2109375 0.03515625 0.02734375
0 0.4248046875 0.1904296875 0.021484375 0.021484375
0 0.4736328125 0.275390625 0.017578125 0.03125
0 0.66796875 0.2119140625 0.03125 0.048828125
0 0.716796875 0.4287109375 0.0234375 0.044921875
0 0.7900390625 0.5087890625 0.025390625 0.025390625
0 0.71484375 0.55078125 0.02734375 0.03125
0 0.533203125 0.359375 0.0234375 0.0234375
0 0.7568359375 0.58984375 0.021484375 0.02734375
