0 0.4345703125 0.0380859375 0.025390625 0.029296875
0 0.466796875 0.10546875 0.0234375 0.03125
0 0.4248046875 0.1044921875 0.017578125 0.021484375
0 0.3994140625 0.126953125 0.021484375 0.03125
0 0.404296875 0.16796875 0.02734375 0.0234375
0 0.404296875 0.234375 0.03125 0.03125
0 0.3486328125 0.1806640625 0.017578125 0.021484375
0 0.279296875 0.1572265625 0.03125 0.037109375
0 0.173828125 0.1416015625 0.03515625 0.041015625
0 0.3515625 0.2744140625 0.0234375 0.021484375
0 0.10546875 0.2724609375 0.03125 0.037109375
0 0.03125 0.2685546875 0.03515625 0.044921875
0 0.4501953125 0.2314453125 0.017578125 0.017578125
